0 1751.15 1743.68 132.876
0.05 1882.29 1874.32 186.596
0.1 1882.29 1874.32 186.596
0.15 1882.29 1874.32 186.596
0.2 1882.29 1874.32 186.596
0.25 1882.29 1874.32 186.596
0.3 1882.29 1874.32 186.596
0.35 1882.29 1874.32 186.596
0.4 1882.29 1874.32 186.596
0.45 1882.29 1874.32 186.596
0.5 1882.29 1874.32 186.596
0.55 1882.29 1874.32 186.596
0.6 1882.29 1874.32 186.596
0.65 1882.29 1874.32 186.596
0.7 1882.29 1874.32 186.596
0.75 1882.29 1874.32 186.596
0.8 1882.29 1874.32 186.596
0.85 1882.29 1874.32 186.596
0.9 1882.29 1874.32 186.596
0.95 1882.29 1874.32 186.596
