0 3502.42 3494.94 265.94
0.05 3766.55 3758.58 375.612
0.1 3766.55 3758.58 375.612
0.15 3766.55 3758.58 375.612
0.2 3766.55 3758.58 375.612
0.25 3766.55 3758.58 375.612
0.3 3766.55 3758.58 375.612
0.35 3766.55 3758.58 375.612
0.4 3766.55 3758.58 375.612
0.45 3766.55 3758.58 375.612
0.5 3766.55 3758.58 375.612
0.55 3766.55 3758.58 375.612
0.6 3766.55 3758.58 375.612
0.65 3766.55 3758.58 375.612
0.7 3766.55 3758.58 375.612
0.75 3766.55 3758.58 375.612
0.8 3766.55 3758.58 375.612
0.85 3766.55 3758.58 375.612
0.9 3766.55 3758.58 375.612
0.95 3766.55 3758.58 375.612
